{'Algeria': 0.10954770555352855, 
'Bahrain': 0.13565265270759042, 
'Egypt': 0.5397174616686267, 
'Iraq': 0.12045273926064759, 
'Iran': 0.24432607016801977, 
'Kuwait': 0.4051736377808839, 
'Lebanon': 0.08564692697139265, 
'Libya': 0.06404516951053174, 
'Morocco': 0.37562583570429187, 
'Oman': -0.0188348217629577, 
'Saudi Arabia': -0.07849871743952397, 
'Sudan': -0.033214544061953566, 
'Syria': -0.13698694595041605, 
'Tunisia': 0.33217903734460685, 
'Yemen': 0.11379058848264068}
